pokeLvl,cpm,powerup_num,sd_lvl,candy_lvl,sd_cum,candy_cum
1,0.094,1,200,1,200,1
1.5,0.135137432,2,200,1,400,2
2,0.16639787,3,200,1,600,3
2.5,0.192650919,4,200,1,800,4
3,0.21573247,5,400,1,1200,5
3.5,0.236572661,6,400,1,1600,6
4,0.25572005,7,400,1,2000,7
4.5,0.273530381,8,400,1,2400,8
5,0.29024988,9,600,1,3000,9
5.5,0.306057377,10,600,1,3600,10
6,0.3210876,11,600,1,4200,11
6.5,0.335445036,12,600,1,4800,12
7,0.34921268,13,800,1,5600,13
7.5,0.362457751,14,800,1,6400,14
8,0.37523559,15,800,1,7200,15
8.5,0.387592406,16,800,1,8000,16
9,0.39956728,17,1000,1,9000,17
9.5,0.411193551,18,1000,1,10000,18
10,0.42250001,19,1000,1,11000,19
10.5,0.432926419,20,1000,1,12000,20
11,0.44310755,21,1300,2,13300,22
11.5,0.453059958,22,1300,2,14600,24
12,0.46279839,23,1300,2,15900,26
12.5,0.472336083,24,1300,2,17200,28
13,0.48168495,25,1600,2,18800,30
13.5,0.4908558,26,1600,2,20400,32
14,0.49985844,27,1600,2,22000,34
14.5,0.508701765,28,1600,2,23600,36
15,0.51739395,29,1900,2,25500,38
15.5,0.525942511,30,1900,2,27400,40
16,0.53435433,31,1900,2,29300,42
16.5,0.542635767,32,1900,2,31200,44
17,0.55079269,33,2200,2,33400,46
17.5,0.558830576,34,2200,2,35600,48
18,0.56675452,35,2200,2,37800,50
18.5,0.574569153,36,2200,2,40000,52
19,0.58227891,37,2500,2,42500,54
19.5,0.589887917,38,2500,2,45000,56
20,0.59740001,39,2500,2,47500,58
20.5,0.604818814,40,2500,2,50000,60
21,0.61215729,41,3000,3,53000,63
21.5,0.619399365,42,3000,3,56000,66
22,0.62656713,43,3000,3,59000,69
22.5,0.633644533,44,3000,3,62000,72
23,0.64065295,45,3500,3,65500,75
23.5,0.647576426,46,3500,3,69000,78
24,0.65443563,47,3500,3,72500,81
24.5,0.661214806,48,3500,3,76000,84
25,0.667934,49,4000,3,80000,87
25.5,0.674577537,50,4000,3,84000,90
26,0.68116492,51,4000,4,88000,94
26.5,0.687680648,52,4000,4,92000,98
27,0.69414365,53,4500,4,96500,102
27.5,0.700538673,54,4500,4,101000,106
28,0.70688421,55,4500,4,105500,110
28.5,0.713164996,56,4500,4,110000,114
29,0.71939909,57,5000,4,115000,118
29.5,0.725571552,58,5000,4,120000,122
30,0.7317,59,5000,4,125000,126
30.5,0.734741009,60,5000,4,130000,130
31,0.73776948,61,6000,6,136000,136
31.5,0.740785574,62,6000,6,142000,142
32,0.74378943,63,6000,6,148000,148
32.5,0.746781211,64,6000,6,154000,154
33,0.74976104,65,7000,8,161000,162
33.5,0.752729087,66,7000,8,168000,170
34,0.75568551,67,7000,8,175000,178
34.5,0.758630378,68,7000,8,182000,186
35,0.76156384,69,8000,10,190000,196
35.5,0.764486065,70,8000,10,198000,206
36,0.76739717,71,8000,10,206000,216
36.5,0.770297266,72,8000,10,214000,226
37,0.7731865,73,9000,12,223000,238
37.5,0.776064962,74,9000,12,232000,250
38,0.77893275,75,9000,12,241000,262
38.5,0.781790055,76,9000,12,250000,274
39,0.78463697,77,10000,15,260000,289
39.5,0.787473578,78,10000,15,270000,304
40,0.79030001,79,10000,15,280000,319
40.5,,80,10000,15,290000,334
